faces_000.jpg
5
336 89 101 147 0 0 0 0 0 0
569 182 107 158 0 0 0 0 0 1
742 214 106 152 0 0 0 0 0 2
254 256 105 149 0 0 0 0 0 3
415 265 104 150 0 0 0 0 0 4
faces_001.jpg
9
129 10 29 45 0 0 0 0 0 0
88 26 30 39 0 0 0 0 0 1
166 34 28 43 0 0 0 0 0 2
39 64 30 43 0 0 0 0 0 3
74 71 34 48 0 0 0 0 0 4
144 74 26 38 0 0 0 0 0 5
216 81 31 44 0 0 0 0 0 6
113 108 32 43 0 0 0 0 0 7
169 101 31 41 0 0 0 0 0 8
faces_002.jpg
8
259 18 41 62 0 0 0 0 0 0
9 16 55 75 0 0 0 0 0 1
136 52 44 62 0 0 0 0 0 2
380 47 44 80 0 0 0 0 0 3
205 64 54 82 0 0 0 0 0 4
290 82 50 72 0 0 0 0 0 5
5 102 54 80 0 0 0 0 0 6
91 108 56 82 0 0 0 0 0 7
faces_003.jpg
9
188 25 40 64 0 0 0 0 0 0
26 39 41 68 0 0 0 0 0 1
96 68 47 74 0 0 0 0 0 2
344 73 44 68 0 0 0 0 0 3
256 77 49 80 0 0 0 0 0 4
457 82 48 88 0 0 0 0 0 5
191 113 60 94 0 0 0 0 0 6
18 183 55 76 0 0 0 0 0 7
357 199 59 86 0 0 0 0 0 8
faces_004.jpg
5
170 29 54 82 0 0 0 0 0 0
313 53 48 67 0 0 0 0 0 1
251 106 52 80 0 0 0 0 0 2
472 91 53 80 0 0 0 0 0 3
370 131 57 85 0 0 0 0 0 4
faces_005.jpg
5
274 39 43 57 0 0 0 0 0 0
175 77 41 57 0 0 0 0 0 1
456 57 50 66 0 0 0 0 0 2
339 67 45 58 0 0 0 0 0 3
62 86 49 66 0 0 0 0 0 4
faces_006.jpg
5
147 283 82 131 0 0 0 0 0 0
368 292 87 129 0 0 0 0 0 1
963 273 83 134 0 0 0 0 0 2
718 288 88 138 0 0 0 0 0 3
559 285 99 148 0 0 0 0 0 4
faces_007.jpg
4
615 72 164 227 0 0 0 0 0 0
458 211 152 205 0 0 0 0 0 1
271 277 158 208 0 0 0 0 0 2
56 123 173 247 0 0 0 0 0 3
faces_008.jpg
5
206 67 42 59 0 0 0 0 0 0
345 82 43 63 0 0 0 0 0 1
100 117 51 69 0 0 0 0 0 2
405 120 45 63 0 0 0 0 0 3
278 147 47 66 0 0 0 0 0 4
faces_009.jpg
6
304 44 42 63 0 0 0 0 0 0
102 79 44 66 0 0 0 0 0 1
238 85 40 62 0 0 0 0 0 2
369 88 40 58 0 0 0 0 0 3
436 98 41 60 0 0 0 0 0 4
171 142 49 70 0 0 0 0 0 5
faces_010.jpg
5
106 85 77 118 0 0 0 0 0 0
630 90 71 114 0 0 0 0 0 1
226 143 72 109 0 0 0 0 0 2
358 134 97 150 0 0 0 0 0 3
528 141 76 112 0 0 0 0 0 4
faces_011.jpg
13
345 34 75 112 0 0 0 0 0 0
678 47 88 127 0 0 0 0 0 1
0 95 55 107 0 0 0 0 0 2
559 70 69 111 0 0 0 0 0 3
137 110 57 92 0 0 0 0 0 4
199 96 84 124 0 0 0 0 0 5
480 136 74 105 0 0 0 0 0 6
632 169 94 127 0 0 0 0 0 7
2 222 87 136 0 0 0 0 0 8
168 216 101 149 0 0 0 0 0 9
356 184 101 149 0 0 0 0 0 10
498 240 98 158 0 0 0 0 0 11
719 265 72 142 0 0 0 0 0 12
faces_012.jpg
35
104 16 29 42 0 0 0 0 0 0
243 24 28 41 0 0 0 0 0 1
372 24 28 41 0 0 0 0 0 2
141 41 29 43 0 0 0 0 0 3
9 51 30 44 0 0 0 0 0 4
312 47 29 42 0 0 0 0 0 5
424 45 30 44 0 0 0 0 0 6
495 49 28 41 0 0 0 0 0 7
564 44 27 43 0 0 0 0 0 8
55 66 28 43 0 0 0 0 0 9
206 58 28 42 0 0 0 0 0 10
375 82 30 44 0 0 0 0 0 11
134 99 31 44 0 0 0 0 0 12
513 94 34 47 0 0 0 0 0 13
192 111 34 45 0 0 0 0 0 15
303 107 30 42 0 0 0 0 0 16
473 117 30 43 0 0 0 0 0 17
0 136 21 44 0 0 0 0 0 18
417 142 37 49 0 0 0 0 0 19
562 133 38 53 0 0 0 0 0 20
68 157 34 48 0 0 0 0 0 21
291 162 35 51 0 0 0 0 0 22
136 173 39 55 0 0 0 0 0 23
523 164 35 50 0 0 0 0 0 24
26 194 48 67 0 0 0 0 0 25
211 195 45 64 0 0 0 0 0 26
354 187 43 61 0 0 0 0 0 27
479 201 40 54 0 0 0 0 0 28
407 241 45 63 0 0 0 0 0 29
299 243 45 66 0 0 0 0 0 30
92 258 46 63 0 0 0 0 0 31
501 264 47 66 0 0 0 0 0 32
579 259 42 65 0 0 0 0 0 33
177 316 43 64 0 0 0 0 0 34
600 175 25 66 0 0 0 0 0 35
faces_013.jpg
7
795 36 60 77 0 0 0 0 0 0
906 38 68 81 0 0 0 0 0 1
687 110 52 67 0 0 0 0 0 2
518 124 43 54 0 0 0 0 0 3
607 116 48 61 0 0 0 0 0 4
216 158 52 64 0 0 0 0 0 5
352 132 50 50 0 0 0 0 0 6
faces_014.jpg
6
415 44 72 108 0 0 0 0 0 0
111 72 66 97 0 0 0 0 0 1
254 101 53 81 0 0 0 0 0 2
309 108 98 142 0 0 0 0 0 3
48 171 80 118 0 0 0 0 0 4
558 179 74 106 0 0 0 0 0 5
faces_015.jpg
5
1083 158 99 131 0 0 0 0 0 0
573 83 121 156 0 0 0 0 0 1
801 93 104 142 0 0 0 0 0 2
354 131 105 135 0 0 0 0 0 3
94 151 111 148 0 0 0 0 0 4
faces_016.jpg
13
69 28 25 36 0 0 0 0 0 0
183 28 24 32 0 0 0 0 0 1
264 37 22 32 0 0 0 0 0 2
336 53 21 30 0 0 0 0 0 3
389 81 26 36 0 0 0 0 0 4
148 87 25 34 0 0 0 0 0 5
231 83 27 40 0 0 0 0 0 6
97 93 30 43 0 0 0 0 0 7
40 106 25 33 0 0 0 0 0 8
294 112 36 49 0 0 0 0 0 9
343 115 29 38 0 0 0 0 0 10
444 116 30 39 0 0 0 0 0 11
161 152 34 48 0 0 0 0 0 12
faces_017.jpg
9
400 67 45 79 0 0 0 0 0 0
446 47 76 103 0 0 0 0 0 1
319 83 59 88 0 0 0 0 0 2
108 100 68 101 0 0 0 0 0 3
225 89 54 76 0 0 0 0 0 4
560 85 79 107 0 0 0 0 0 5
5 138 101 139 0 0 0 0 0 6
244 172 85 130 0 0 0 0 0 7
407 192 91 128 0 0 0 0 0 8
faces_018.jpg
5
147 98 70 105 0 0 0 0 0 0
716 67 72 109 0 0 0 0 0 1
408 140 90 134 0 0 0 0 0 2
565 124 84 121 0 0 0 0 0 3
233 162 75 110 0 0 0 0 0 4
faces_019.jpg
6
19 95 84 113 0 0 0 0 0 1
262 110 80 100 0 0 0 0 0 2
578 111 62 99 0 0 0 0 0 3
132 132 76 115 0 0 0 0 0 4
431 117 83 145 0 0 0 0 0 5
373 165 67 106 0 0 0 0 0 6
faces_020.jpg
6
363 126 27 42 0 0 0 0 0 0
112 131 28 40 0 0 0 0 0 1
466 136 26 35 0 0 0 0 0 2
205 143 25 36 0 0 0 0 0 3
569 147 28 40 0 0 0 0 0 4
286 149 33 35 0 0 0 0 0 5
faces_021.jpg
6
22 20 16 22 0 0 0 0 0 0
245 22 15 24 0 0 0 0 0 1
210 35 16 22 0 0 0 0 0 2
70 44 13 19 0 0 0 0 0 3
153 45 14 21 0 0 0 0 0 4
111 56 13 19 0 0 0 0 0 5
faces_022.jpg
7
74 25 49 60 0 0 0 0 0 0
453 81 49 61 0 0 0 0 0 1
535 103 48 60 0 0 0 0 0 2
664 101 46 56 0 0 0 0 0 3
174 118 45 52 0 0 0 0 0 4
260 118 47 57 0 0 0 0 0 5
355 128 49 55 0 0 0 0 0 6
faces_023.jpg
19
698 35 44 56 0 0 0 0 0 0
19 38 61 69 0 0 0 0 0 1
119 45 50 64 0 0 0 0 0 2
363 58 44 56 0 0 0 0 0 3
549 55 42 51 0 0 0 0 0 4
240 75 44 54 0 0 0 0 0 5
459 68 44 54 0 0 0 0 0 7
842 71 57 69 0 0 0 0 0 8
981 61 34 63 0 0 0 0 0 9
621 82 31 38 0 0 0 0 0 10
678 149 42 50 0 0 0 0 0 12
579 192 36 45 0 0 0 0 0 13
732 208 50 61 0 0 0 0 0 14
415 224 56 67 0 0 0 0 0 15
621 218 43 55 0 0 0 0 0 16
500 247 45 58 0 0 0 0 0 17
860 288 52 65 0 0 0 0 0 18
207 310 50 62 0 0 0 0 0 19
264 326 48 61 0 0 0 0 0 20
faces_024.jpg
5
378 43 42 61 0 0 0 0 0 0
501 43 44 64 0 0 0 0 0 1
121 83 48 68 0 0 0 0 0 2
249 107 43 61 0 0 0 0 0 3
454 193 42 59 0 0 0 0 0 4
faces_025.jpg
6
153 85 51 72 0 0 0 0 0 0
641 92 59 83 0 0 0 0 0 1
295 145 42 61 0 0 0 0 0 2
372 136 37 53 0 0 0 0 0 3
546 147 43 63 0 0 0 0 0 4
736 146 69 94 0 0 0 0 0 5
faces_026.jpg
6
63 165 34 47 0 0 0 0 0 0
744 155 35 45 0 0 0 0 0 1
5 199 39 55 0 0 0 0 0 2
569 197 32 42 0 0 0 0 0 3
216 206 33 48 0 0 0 0 0 4
787 203 40 54 0 0 0 0 0 5
faces_027.jpg
9
224 86 65 90 0 0 0 0 0 0
156 134 65 88 0 0 0 0 0 1
403 139 57 79 0 0 0 0 0 2
484 134 59 76 0 0 0 0 0 3
562 148 56 72 0 0 0 0 0 4
726 174 62 83 0 0 0 0 0 5
311 226 67 84 0 0 0 0 0 7
592 235 69 89 0 0 0 0 0 8
490 244 78 95 0 0 0 0 0 11
faces_028.jpg
9
307 11 19 27 0 0 0 0 0 0
81 39 18 26 0 0 0 0 0 1
91 84 19 26 0 0 0 0 0 2
143 83 19 25 0 0 0 0 0 3
191 97 18 23 0 0 0 0 0 4
244 124 20 28 0 0 0 0 0 5
291 121 20 28 0 0 0 0 0 6
116 150 22 32 0 0 0 0 0 8
202 164 23 32 0 0 0 0 0 9
faces_029.jpg
15
833 185 41 61 0 0 0 0 0 0
319 198 42 64 0 0 0 0 0 1
516 199 36 55 0 0 0 0 0 2
588 212 42 63 0 0 0 0 0 3
743 208 36 55 0 0 0 0 0 4
960 191 41 63 0 0 0 0 0 5
427 226 35 51 0 0 0 0 0 6
672 222 35 50 0 0 0 0 0 7
177 249 39 56 0 0 0 0 0 8
773 272 38 56 0 0 0 0 0 9
420 430 41 62 0 0 0 0 0 10
558 411 41 67 0 0 0 0 0 11
670 437 42 65 0 0 0 0 0 12
264 436 43 64 0 0 0 0 0 13
862 436 45 70 0 0 0 0 0 14
faces_030.jpg
16
141 101 65 95 0 0 0 0 0 0
444 124 57 78 0 0 0 0 0 1
593 115 52 77 0 0 0 0 0 2
722 117 53 76 0 0 0 0 0 3
842 124 57 81 0 0 0 0 0 4
303 132 58 82 0 0 0 0 0 5
355 226 70 100 0 0 0 0 0 6
505 233 68 89 0 0 0 0 0 7
164 238 76 107 0 0 0 0 0 8
791 252 72 97 0 0 0 0 0 9
954 235 72 96 0 0 0 0 0 10
674 313 71 97 0 0 0 0 0 11
1018 408 82 110 0 0 0 0 0 12
510 461 70 104 0 0 0 0 0 13
736 469 79 113 0 0 0 0 0 14
263 516 81 108 0 0 0 0 0 15
faces_031.jpg
9
394 53 46 67 0 0 0 0 0 0
859 93 52 72 0 0 0 0 0 1
46 126 49 65 0 0 0 0 0 2
247 129 45 66 0 0 0 0 0 3
706 138 48 72 0 0 0 0 0 4
482 153 44 65 0 0 0 0 0 6
140 182 42 61 0 0 0 0 0 8
378 191 44 63 0 0 0 0 0 9
556 199 49 69 0 0 0 0 0 11
faces_032.jpg
11
438 109 77 118 0 0 0 0 0 0
831 141 77 113 0 0 0 0 0 1
616 156 66 99 0 0 0 0 0 2
1025 198 68 91 0 0 0 0 0 3
276 233 93 117 0 0 0 0 0 4
614 263 85 118 0 0 0 0 0 5
786 288 82 115 0 0 0 0 0 6
932 274 81 108 0 0 0 0 0 7
1129 279 82 120 0 0 0 0 0 8
126 320 95 135 0 0 0 0 0 9
518 369 77 132 0 0 0 0 0 10
faces_033.jpg
6
688 86 91 137 0 0 0 0 0 0
834 85 96 130 0 0 0 0 0 1
464 152 95 136 0 0 0 0 0 2
646 313 94 134 0 0 0 0 0 3
815 318 102 152 0 0 0 0 0 4
513 391 97 137 0 0 0 0 0 5
faces_034.jpg
8
676 70 93 119 0 0 0 0 0 0
583 313 89 100 0 0 0 0 0 1
329 14 122 158 0 0 0 0 0 2
547 110 104 117 0 0 0 0 0 3
431 169 103 120 0 0 0 0 0 4
812 179 123 139 0 0 0 0 0 5
693 218 94 102 0 0 0 0 0 6
234 218 127 151 0 0 0 0 0 7
faces_035.jpg
10
188 68 54 78 0 0 0 0 0 0
441 79 53 77 0 0 0 0 0 1
594 84 51 75 0 0 0 0 0 2
726 67 61 87 0 0 0 0 0 3
315 88 54 84 0 0 0 0 0 4
124 114 60 85 0 0 0 0 0 5
512 142 55 77 0 0 0 0 0 6
653 125 58 84 0 0 0 0 0 7
231 159 57 78 0 0 0 0 0 8
365 154 56 76 0 0 0 0 0 9
faces_036.jpg
10
136 9 15 19 0 0 0 0 0 0
84 16 14 17 0 0 0 0 0 1
192 15 15 19 0 0 0 0 0 2
240 19 14 17 0 0 0 0 0 3
115 27 15 19 0 0 0 0 0 4
163 30 14 18 0 0 0 0 0 5
69 35 14 18 0 0 0 0 0 6
203 36 14 17 0 0 0 0 0 7
36 44 13 17 0 0 0 0 0 8
250 47 15 19 0 0 0 0 0 10
faces_037.jpg
17
159 78 37 54 0 0 0 0 0 0
644 88 31 47 0 0 0 0 0 1
299 110 29 43 0 0 0 0 0 2
413 122 30 46 0 0 0 0 0 4
487 127 33 46 0 0 0 0 0 5
29 134 40 57 0 0 0 0 0 6
104 139 31 47 0 0 0 0 0 7
207 133 32 45 0 0 0 0 0 8
269 137 32 44 0 0 0 0 0 9
370 136 32 45 0 0 0 0 0 10
700 126 39 56 0 0 0 0 0 11
563 150 36 50 0 0 0 0 0 13
318 167 34 47 0 0 0 0 0 14
433 158 36 50 0 0 0 0 0 15
154 183 36 50 0 0 0 0 0 16
617 150 35 45 0 0 0 0 0 17
535 125 32 42 0 0 0 0 0 18
faces_038.jpg
14
502 61 45 61 0 0 0 0 0 0
930 58 53 69 0 0 0 0 0 1
362 83 54 71 0 0 0 0 0 2
650 81 49 64 0 0 0 0 0 3
751 91 45 58 0 0 0 0 0 4
1044 91 58 77 0 0 0 0 0 5
223 100 53 65 0 0 0 0 0 6
52 114 55 72 0 0 0 0 0 7
613 134 47 62 0 0 0 0 0 8
450 151 52 65 0 0 0 0 0 9
787 142 46 67 0 0 0 0 0 10
228 193 47 62 0 0 0 0 0 11
685 193 49 64 0 0 0 0 0 12
340 202 57 74 0 0 0 0 0 13
faces_039.jpg
13
99 14 63 86 0 0 0 0 0 0
489 32 56 87 0 0 0 0 0 1
198 71 60 87 0 0 0 0 0 2
291 63 53 75 0 0 0 0 0 3
618 73 52 71 0 0 0 0 0 4
734 73 46 65 0 0 0 0 0 5
934 55 53 78 0 0 0 0 0 6
1028 64 55 80 0 0 0 0 0 7
817 87 48 73 0 0 0 0 0 8
392 117 59 83 0 0 0 0 0 9
577 395 59 89 0 0 0 0 0 10
263 430 67 99 0 0 0 0 0 11
751 433 59 81 0 0 0 0 0 12
faces_040.jpg
7
387 58 61 89 0 0 0 0 0 0
33 74 74 98 0 0 0 0 0 1
517 85 56 73 0 0 0 0 0 2
692 92 73 106 0 0 0 0 0 3
997 109 68 90 0 0 0 0 0 4
923 92 78 102 0 0 0 0 0 5
100 100 74 75 0 0 0 0 0 6
faces_041.jpg
13
553 24 25 32 0 0 0 0 0 0
136 37 32 37 0 0 0 0 0 1
314 45 31 35 0 0 0 0 0 2
458 44 29 35 0 0 0 0 0 3
198 62 32 36 0 0 0 0 0 4
628 77 29 35 0 0 0 0 0 5
388 94 27 30 0 0 0 0 0 6
38 132 31 35 0 0 0 0 0 8
177 152 34 36 0 0 0 0 0 9
486 165 29 32 0 0 0 0 0 10
659 196 31 37 0 0 0 0 0 11
345 253 31 36 0 0 0 0 0 12
737 43 29 29 0 0 0 0 0 13
faces_042.jpg
12
606 17 28 32 0 0 0 0 0 0
208 34 29 32 0 0 0 0 0 1
409 30 26 31 0 0 0 0 0 2
565 58 29 32 0 0 0 0 0 3
301 62 26 29 0 0 0 0 0 4
86 75 26 31 0 0 0 0 0 5
143 100 29 32 0 0 0 0 0 7
492 118 28 31 0 0 0 0 0 8
715 116 25 29 0 0 0 0 0 9
43 196 31 35 0 0 0 0 0 10
323 190 30 36 0 0 0 0 0 11
742 209 26 27 0 0 0 0 0 12
faces_043.jpg
16
374 11 27 28 0 0 0 0 0 0
241 17 28 28 0 0 0 0 0 1
452 26 29 31 0 0 0 0 0 2
274 53 27 29 0 0 0 0 0 3
334 77 27 29 0 0 0 0 0 4
365 79 32 33 0 0 0 0 0 5
508 78 30 30 0 0 0 0 0 6
541 76 30 34 0 0 0 0 0 7
233 90 35 34 0 0 0 0 0 8
275 129 29 30 0 0 0 0 0 9
675 138 35 38 0 0 0 0 0 10
619 157 34 35 0 0 0 0 0 11
198 210 32 35 0 0 0 0 0 12
251 270 38 42 0 0 0 0 0 13
465 263 31 34 0 0 0 0 0 14
580 311 31 34 0 0 0 0 0 15
faces_044.jpg
28
118 23 28 41 0 0 0 0 0 0
276 25 26 39 0 0 0 0 0 1
56 28 26 39 0 0 0 0 0 2
197 33 25 38 0 0 0 0 0 3
364 38 26 41 0 0 0 0 0 4
451 44 25 38 0 0 0 0 0 5
545 42 27 40 0 0 0 0 0 6
111 69 34 50 0 0 0 0 0 7
225 71 28 39 0 0 0 0 0 8
318 66 27 41 0 0 0 0 0 9
410 69 28 41 0 0 0 0 0 10
48 77 25 38 0 0 0 0 0 11
500 81 29 42 0 0 0 0 0 12
159 100 36 52 0 0 0 0 0 13
274 118 31 44 0 0 0 0 0 14
39 132 33 46 0 0 0 0 0 15
384 135 32 48 0 0 0 0 0 16
493 143 31 45 0 0 0 0 0 17
320 163 29 44 0 0 0 0 0 18
112 178 32 45 0 0 0 0 0 19
212 182 36 52 0 0 0 0 0 20
442 209 34 49 0 0 0 0 0 21
530 215 37 52 0 0 0 0 0 22
59 224 35 47 0 0 0 0 0 23
377 240 31 44 0 0 0 0 0 24
274 251 32 47 0 0 0 0 0 25
165 267 34 48 0 0 0 0 0 26
489 282 40 57 0 0 0 0 0 27
faces_045.jpg
5
464 86 57 77 0 0 0 0 0 0
235 100 54 76 0 0 0 0 0 1
396 158 52 67 0 0 0 0 0 2
309 174 52 67 0 0 0 0 0 3
343 55 58 84 0 0 0 0 0 4
faces_046.jpg
9
171 14 18 25 0 0 0 0 0 0
143 17 14 20 0 0 0 0 0 1
33 25 21 31 0 0 0 0 0 2
138 59 20 28 0 0 0 0 0 3
227 77 18 24 0 0 0 0 0 4
92 46 25 37 0 0 0 0 0 5
195 49 25 34 0 0 0 0 0 6
42 93 26 36 0 0 0 0 0 7
97 107 21 31 0 0 0 0 0 8
faces_047.jpg
6
188 24 24 35 0 0 0 0 0 1
40 28 29 43 0 0 0 0 0 2
143 28 27 41 0 0 0 0 0 3
99 39 25 35 0 0 0 0 0 4
65 74 22 31 0 0 0 0 0 5
188 77 26 37 0 0 0 0 0 6
faces_048.jpg
7
184 19 22 34 0 0 0 0 0 0
154 34 22 33 0 0 0 0 0 1
47 41 26 37 0 0 0 0 0 2
87 67 25 36 0 0 0 0 0 3
36 97 27 39 0 0 0 0 0 4
120 91 26 37 0 0 0 0 0 5
198 94 28 40 0 0 0 0 0 6
faces_049.jpg
8
329 69 36 50 0 0 0 0 0 0
164 75 36 50 0 0 0 0 0 1
68 86 37 51 0 0 0 0 0 2
225 81 39 57 0 0 0 0 0 3
290 114 35 48 0 0 0 0 0 4
430 110 36 49 0 0 0 0 0 5
117 127 36 48 0 0 0 0 0 6
359 125 37 50 0 0 0 0 0 7
faces_050.jpg
11
632 45 27 38 0 0 0 0 0 0
104 70 26 39 0 0 0 0 0 1
200 74 27 39 0 0 0 0 0 2
304 71 26 38 0 0 0 0 0 3
422 76 23 33 0 0 0 0 0 4
515 76 27 39 0 0 0 0 0 5
233 231 27 38 0 0 0 0 0 7
496 233 27 38 0 0 0 0 0 8
614 232 32 46 0 0 0 0 0 9
111 235 29 38 0 0 0 0 0 10
356 237 28 38 0 0 0 0 0 11
faces_051.jpg
11
558 46 39 54 0 0 0 0 0 0
151 69 37 50 0 0 0 0 0 1
449 63 36 49 0 0 0 0 0 2
675 55 38 51 0 0 0 0 0 3
359 84 35 47 0 0 0 0 0 4
260 87 37 50 0 0 0 0 0 5
180 194 39 52 0 0 0 0 0 6
446 195 34 48 0 0 0 0 0 7
671 193 36 54 0 0 0 0 0 8
313 209 35 48 0 0 0 0 0 9
558 208 39 55 0 0 0 0 0 10
faces_052.jpg
11
117 10 30 40 0 0 0 0 0 0
194 15 31 41 0 0 0 0 0 1
282 12 30 38 0 0 0 0 0 2
363 17 30 38 0 0 0 0 0 3
440 12 27 34 0 0 0 0 0 4
513 15 30 42 0 0 0 0 0 5
227 108 32 43 0 0 0 0 0 6
33 114 30 37 0 0 0 0 0 7
126 121 30 39 0 0 0 0 0 8
330 123 28 37 0 0 0 0 0 9
432 128 34 44 0 0 0 0 0 10
faces_053.jpg
11
850 31 47 60 0 0 0 0 0 0
481 44 45 57 0 0 0 0 0 1
655 62 44 57 0 0 0 0 0 2
339 81 43 56 0 0 0 0 0 3
155 86 47 60 0 0 0 0 0 4
163 161 44 57 0 0 0 0 0 5
245 152 46 57 0 0 0 0 0 6
497 168 51 66 0 0 0 0 0 7
366 190 50 63 0 0 0 0 0 8
646 211 44 60 0 0 0 0 0 9
800 201 48 60 0 0 0 0 0 10
faces_054.jpg
11
861 25 56 86 0 0 0 0 0 0
301 43 55 80 0 0 0 0 0 1
122 64 57 80 0 0 0 0 0 2
468 54 55 79 0 0 0 0 0 3
668 51 54 82 0 0 0 0 0 4
1050 54 53 76 0 0 0 0 0 5
327 208 56 79 0 0 0 0 0 6
946 209 56 81 0 0 0 0 0 7
95 228 54 81 0 0 0 0 0 8
533 224 58 83 0 0 0 0 0 9
742 229 57 82 0 0 0 0 0 10
faces_055.jpg
11
668 24 57 72 0 0 0 0 0 0
849 15 59 76 0 0 0 0 0 1
197 37 52 67 0 0 0 0 0 2
517 43 54 67 0 0 0 0 0 3
344 59 52 68 0 0 0 0 0 4
1039 43 59 78 0 0 0 0 0 5
621 105 55 73 0 0 0 0 0 6
985 134 55 70 0 0 0 0 0 7
807 139 56 78 0 0 0 0 0 8
434 162 58 74 0 0 0 0 0 9
186 181 57 76 0 0 0 0 0 10
faces_056.jpg
11
77 39 28 40 0 0 0 0 0 0
243 48 31 39 0 0 0 0 0 1
498 51 29 39 0 0 0 0 0 2
170 54 27 36 0 0 0 0 0 3
417 60 32 42 0 0 0 0 0 4
331 64 32 42 0 0 0 0 0 5
62 102 33 42 0 0 0 0 0 6
167 132 33 44 0 0 0 0 0 7
464 145 32 40 0 0 0 0 0 8
262 159 34 40 0 0 0 0 0 9
358 159 33 42 0 0 0 0 0 10
faces_057.jpg
11
120 70 35 49 0 0 0 0 0 1
219 65 33 50 0 0 0 0 0 2
345 83 32 47 0 0 0 0 0 3
457 78 31 47 0 0 0 0 0 4
590 70 34 49 0 0 0 0 0 5
725 101 32 48 0 0 0 0 0 6
235 173 35 50 0 0 0 0 0 7
611 185 35 50 0 0 0 0 0 8
719 202 39 52 0 0 0 0 0 9
346 214 37 55 0 0 0 0 0 10
494 205 40 53 0 0 0 0 0 11
faces_058.jpg
11
254 75 38 51 0 0 0 0 0 0
518 74 35 49 0 0 0 0 0 1
641 70 38 50 0 0 0 0 0 3
389 84 38 53 0 0 0 0 0 4
750 77 38 52 0 0 0 0 0 6
152 95 36 53 0 0 0 0 0 7
473 162 42 59 0 0 0 0 0 8
619 164 41 56 0 0 0 0 0 9
205 185 44 60 0 0 0 0 0 10
740 173 42 60 0 0 0 0 0 11
328 194 40 56 0 0 0 0 0 12
faces_059.jpg
11
948 42 53 80 0 0 0 0 0 0
442 73 49 73 0 0 0 0 0 1
763 62 46 72 0 0 0 0 0 2
157 73 53 82 0 0 0 0 0 3
310 87 49 71 0 0 0 0 0 4
605 78 49 72 0 0 0 0 0 5
400 296 51 75 0 0 0 0 0 6
933 291 55 82 0 0 0 0 0 7
220 312 51 77 0 0 0 0 0 8
798 312 50 76 0 0 0 0 0 9
580 334 53 82 0 0 0 0 0 10
faces_060.jpg
17
140 71 33 43 0 0 0 0 0 0
215 110 35 46 0 0 0 0 0 1
277 110 32 41 0 0 0 0 0 2
355 102 36 47 0 0 0 0 0 3
422 104 32 41 0 0 0 0 0 4
480 105 39 47 0 0 0 0 0 5
529 104 31 42 0 0 0 0 0 6
588 102 35 44 0 0 0 0 0 7
638 108 38 51 0 0 0 0 0 8
681 104 43 54 0 0 0 0 0 9
78 123 37 49 0 0 0 0 0 10
580 150 37 48 0 0 0 0 0 11
329 167 35 44 0 0 0 0 0 12
140 245 40 52 0 0 0 0 0 13
298 245 42 55 0 0 0 0 0 14
498 261 48 62 0 0 0 0 0 15
657 269 51 65 0 0 0 0 0 16
faces_061.jpg
25
69 60 35 48 0 0 0 0 0 0
846 64 32 47 0 0 0 0 0 1
158 84 32 44 0 0 0 0 0 2
218 91 32 44 0 0 0 0 0 3
490 84 30 43 0 0 0 0 0 4
613 88 30 43 0 0 0 0 0 5
727 82 30 41 0 0 0 0 0 6
281 106 27 39 0 0 0 0 0 7
337 116 30 44 0 0 0 0 0 8
382 116 29 39 0 0 0 0 0 9
785 110 35 47 0 0 0 0 0 10
687 122 35 50 0 0 0 0 0 11
463 158 32 43 0 0 0 0 0 12
115 193 42 58 0 0 0 0 0 13
253 180 38 53 0 0 0 0 0 14
420 188 39 55 0 0 0 0 0 15
520 187 42 60 0 0 0 0 0 16
606 184 34 48 0 0 0 0 0 17
316 202 39 54 0 0 0 0 0 18
370 207 39 52 0 0 0 0 0 19
861 206 37 51 0 0 0 0 0 20
694 207 37 50 0 0 0 0 0 21
75 193 38 58 0 0 0 0 0 22
555 145 40 50 0 0 0 0 0 23
747 179 38 50 0 0 0 0 0 24
faces_062.jpg
14
243 32 24 34 0 0 0 0 0 0
347 42 22 31 0 0 0 0 0 1
102 60 27 36 0 0 0 0 0 2
434 62 23 33 0 0 0 0 0 3
288 68 26 35 0 0 0 0 0 4
153 82 30 39 0 0 0 0 0 5
195 82 25 34 0 0 0 0 0 6
371 79 23 32 0 0 0 0 0 7
73 97 30 41 0 0 0 0 0 8
563 93 27 37 0 0 0 0 0 9
238 109 29 36 0 0 0 0 0 10
321 103 28 37 0 0 0 0 0 11
473 100 28 39 0 0 0 0 0 12
400 123 29 38 0 0 0 0 0 13
faces_063.jpg
9
610 46 35 42 0 0 0 0 0 0
308 59 38 43 0 0 0 0 0 1
226 70 32 36 0 0 0 0 0 2
440 62 33 41 0 0 0 0 0 3
515 71 37 44 0 0 0 0 0 4
68 77 37 42 0 0 0 0 0 5
166 103 35 39 0 0 0 0 0 6
240 114 32 38 0 0 0 0 0 7
382 71 33 41 0 0 0 0 0 3
faces_064.jpg
13
595 120 25 38 0 0 0 0 0 0
93 141 28 37 0 0 0 0 0 1
396 140 30 42 0 0 0 0 0 2
433 134 30 41 0 0 0 0 0 3
492 135 26 36 0 0 0 0 0 4
646 137 26 35 0 0 0 0 0 5
148 150 28 38 0 0 0 0 0 6
199 153 26 35 0 0 0 0 0 7
318 138 25 34 0 0 0 0 0 8
267 165 25 36 0 0 0 0 0 9
546 163 25 34 0 0 0 0 0 10
19 171 24 32 0 0 0 0 0 11
710 155 23 30 0 0 0 0 0 12
faces_065.jpg
7
41 28 30 40 0 0 0 0 0 0
204 61 25 34 0 0 0 0 0 1
278 71 24 35 0 0 0 0 0 2
125 74 28 35 0 0 0 0 0 3
344 78 24 33 0 0 0 0 0 4
436 79 24 32 0 0 0 0 0 5
403 111 24 32 0 0 0 0 0 6
faces_066.jpg
24
345 21 17 24 0 0 0 0 0 0
102 27 17 25 0 0 0 0 0 1
158 25 18 25 0 0 0 0 0 2
217 29 18 26 0 0 0 0 0 3
279 24 17 24 0 0 0 0 0 4
190 45 17 23 0 0 0 0 0 5
437 46 18 26 0 0 0 0 0 6
31 57 18 26 0 0 0 0 0 7
76 56 19 27 0 0 0 0 0 8
139 55 17 26 0 0 0 0 0 9
241 52 17 25 0 0 0 0 0 10
285 56 19 26 0 0 0 0 0 11
368 57 17 25 0 0 0 0 0 12
341 68 20 27 0 0 0 0 0 13
419 70 17 23 0 0 0 0 0 14
471 74 15 21 0 0 0 0 0 15
85 95 21 29 0 0 0 0 0 17
153 95 19 27 0 0 0 0 0 18
22 108 18 26 0 0 0 0 0 19
209 108 19 26 0 0 0 0 0 20
394 105 18 27 0 0 0 0 0 21
272 112 19 26 0 0 0 0 0 22
334 114 20 29 0 0 0 0 0 23
451 117 18 25 0 0 0 0 0 24
faces_067.jpg
25
76 33 19 24 0 0 0 0 0 0
113 41 20 23 0 0 0 0 0 1
252 43 20 24 0 0 0 0 0 2
297 41 19 23 0 0 0 0 0 3
346 44 19 23 0 0 0 0 0 4
389 41 21 26 0 0 0 0 0 5
165 46 19 23 0 0 0 0 0 6
214 48 21 26 0 0 0 0 0 7
438 53 21 24 0 0 0 0 0 8
55 74 23 25 0 0 0 0 0 9
154 80 19 24 0 0 0 0 0 10
364 84 20 24 0 0 0 0 0 11
407 85 20 23 0 0 0 0 0 12
102 85 21 25 0 0 0 0 0 13
196 87 20 23 0 0 0 0 0 14
311 94 20 23 0 0 0 0 0 15
452 92 22 26 0 0 0 0 0 16
254 97 21 24 0 0 0 0 0 17
169 132 26 34 0 0 0 0 0 18
322 132 23 27 0 0 0 0 0 19
27 142 22 27 0 0 0 0 0 20
88 138 24 30 0 0 0 0 0 21
455 143 23 28 0 0 0 0 0 22
253 148 20 24 0 0 0 0 0 23
404 151 23 28 0 0 0 0 0 24
faces_068.jpg
20
245 42 18 25 0 0 0 0 0 0
120 53 17 24 0 0 0 0 0 1
198 55 18 23 0 0 0 0 0 2
368 53 17 24 0 0 0 0 0 3
76 61 18 25 0 0 0 0 0 4
47 72 17 22 0 0 0 0 0 5
154 67 16 22 0 0 0 0 0 6
298 67 17 23 0 0 0 0 0 7
330 72 17 24 0 0 0 0 0 8
419 75 17 23 0 0 0 0 0 9
461 74 16 22 0 0 0 0 0 10
49 114 21 28 0 0 0 0 0 12
183 121 18 25 0 0 0 0 0 13
239 114 20 28 0 0 0 0 0 14
292 118 17 23 0 0 0 0 0 15
336 121 18 25 0 0 0 0 0 16
400 120 19 28 0 0 0 0 0 17
453 117 18 27 0 0 0 0 0 18
93 131 22 29 0 0 0 0 0 19
141 128 19 25 0 0 0 0 0 20
faces_069.jpg
21
419 78 27 38 0 0 0 0 0 0
777 71 29 39 0 0 0 0 0 1
342 84 26 37 0 0 0 0 0 2
59 106 30 43 0 0 0 0 0 3
147 106 27 39 0 0 0 0 0 4
270 104 26 34 0 0 0 0 0 5
557 103 25 36 0 0 0 0 0 6
699 98 27 35 0 0 0 0 0 7
199 121 26 36 0 0 0 0 0 8
486 114 26 35 0 0 0 0 0 9
12 142 30 41 0 0 0 0 0 10
382 141 27 40 0 0 0 0 0 11
792 144 29 39 0 0 0 0 0 12
464 164 28 38 0 0 0 0 0 13
539 158 27 35 0 0 0 0 0 14
624 164 28 38 0 0 0 0 0 15
692 162 27 36 0 0 0 0 0 16
115 175 26 36 0 0 0 0 0 17
285 183 31 43 0 0 0 0 0 18
618 120 26 34 0 0 0 0 0 19
187 173 28 34 0 0 0 0 0 20
